0000 0069 0009 0000 0100 0060 0020 0060 0020 0020 0020 0020 0020 0020 0020 0020 0020 0060 0020 0020 0020 0FFF This is a robosapien burp

0000 0069 0009 0000 0100 0060 0020 0020 0020 0020 0020 0020 0020 0020 0020 0060 0020 0060 0020 0020 0020 0FFF Robosapien walk forward

0000 0069 0009 0000 0100 0060 0020 0020 0020 0020 0020 0020 0020 0060 0020 0060 0020 0060 0020 0020 0020 0FFF Robosapien stop

0000 0069 0009 0000 0100 0060 0020 0020 0020 0060 0020 0020 0020 0060 0020 0060 0020 0020 0020 0060 0020 0FFF Robosapien lean forward

0000 0069 0009 0000 0100 0060 0020 0020 0020 0020 0020 0020 0020 0020 0020 0020 0020 0060 0020 0060 0020 0FFF Robosapien tilt body right

0000 0069 0009 0000 0100 0060 0020 0060 0020 0020 0020 0020 0020 0020 0020 0060 0020 0060 0020 0060 0020 0FFF Robosapien fart

0000 0069 0009 0000 0100 0060 0020 0060 0020 0020 0020 0060 0020 0020 0020 0060 0020 0020 0020 0020 0020 0FFF Robosapien dance

0000 0069 0009 0000 0100 0060 0020 0020 0020 0060 0020 0020 0020 0020 0020 0060 0020 0020 0020 0060 0020 0FFF Robosapien lean backward

0000 0069 0009 0000 0100 0060 0020 0020 0020 0020 0020 0020 0020 0060 0020 0020 0020 0060 0020 0060 0020 0FFF Robosapien tilt body left

0000 0069 0009 0000 0100 0060 0020 0020 0020 0020 0020 0020 0020 0060 0020 0020 0020 0060 0020 0060 0020 0FFF Robosapien tilt body left

0000 0069 0009 0000 0100 0060 0020 0020 0020 0020 0020 0020 0020 0020 0020 0060 0020 0060 0020 0060 0020 0FFF Robosapien walk backward
